!-Parameters-from-I-ReaxFF
39         ! Number of general parameters 
   18.5416      ! boc1 
    0.3100      ! boc2 
    0.8051      ! coa2 
    3.0000      ! trip4 
    6.5000      ! trip3 
    0.0000      ! kc2 
    4.0444      ! ovun6 
    6.0000      ! trip2 
    0.5213      ! ovun7 
   -6.4531      ! ovun8 
    0.0000      ! trip1 
    0.0000      ! swa 
   10.0000      ! swb 
    0.0000      ! n.u. 
    0.0000      ! val6 
   17.1387      ! lp1 
    0.4321      ! val9 
    2.3871      ! val10 
    0.0000      ! n.u. 
    0.2065      ! pen2 
    0.0015      ! pen3 
    0.0000      ! pen4 
    0.0000      ! n.u. 
    5.2748      ! tor2 
    4.0691      ! tor3 
    0.3122      ! tor4 
    0.0000      ! n.u. 
    2.4185      ! cot2 
    5.1332      ! vdw1 
    0.8237      ! cutoff 
    0.3129      ! coa4 
    7.6140      ! ovun4 
    0.0000      ! ovun3 
   71.7145      ! val8 
    0.0696      ! acut 
    0.0000      ! n.u. 
    0.0000      ! n.u. 
    0.0000      ! Eo 
    0.8760      ! coa3 
3 ! Nr of atoms; atomID;rosi; val; mass; rvdw; Devdw; gamma; ropi; vale; 
            alfa; gammaw; valang; ovun5; n.u.; chi; mu; atomic; 
            ropp; lp2; n.u.; boc4; boc3; boc5; n.u.; n.u.; 
            ovun2; val3; n.u.; valboc; val5; n.u.; n.u.; n.u.; 
 C   0.6523   4.0000  12.0000   1.3246  10.0000   0.9000   1.1523   4.0000
    10.7457   0.1479   2.2600   0.0000   0.0000   5.8678   7.0000 150.5325
     0.9924   0.0000   0.0000   8.8569   3.7714   9.6875   0.0000   0.0000
     1.1030  19.7712   0.0000   5.2696  11.2795   0.0000   0.0000   0.0000
 H   0.8256   1.0000   1.0080   1.3744   0.1904   1.0206   0.7000   1.0000
     8.9534  35.4912   8.3766   7.6880   0.0000   5.3200   7.4366  15.4185
     0.6000   0.0000   0.0000   3.3892   1.8718   3.9698   0.0000   0.0000
    -7.6810   0.0000   0.0000   3.2577  18.6146   0.0000   0.0000   0.0000
 O   1.4326   2.0000  15.9990   1.7092   1.0456   1.0503   0.8172   6.0000
     4.2225  14.4775   1.0708  72.4460   0.0000   8.5000   8.9989 430.8557
     0.8753  39.0265   0.0000  37.9983   1.6460   1.3048   0.0000   0.0000
    -3.7766  13.4616   0.0000   1.5117   2.7888   0.0000   0.0000   0.0000
  6  ! Nr of bonds;Desi; Depi; Depp; be1; bo5; corr13; bo6; ovun1; 
                   be2; bo3; bo4; n.u.; bo1; bo2; ovcorr; n.u.; 
  1  1 133.7249  54.2600  60.1050  -0.3798  -0.2633   1.0000  17.4444   0.0121
         2.9083  -0.0374  20.7689   0.0000  -0.0001   7.1452   1.0000   0.0000
  1  2 144.1677  50.0000  50.0000  -0.5213 -50.0101   1.0000   6.0000   0.3332
         3.2127 -50.0001   0.0001   0.0000  -0.3202   5.6520   1.0000   0.0000
  2  2 200.3043  50.0000  50.0000  -0.5619 -50.0101   1.0000   6.0000   0.0000
        19.8766 -50.0001   0.0001   0.0000  -0.0662   7.8675   1.0000   0.0000
  1  3 315.1947 582.0418  89.7796   2.5980  -0.0001   1.0000  16.7287   0.0040
         0.0650  -0.5689  18.5028   0.0000  -0.2736   7.4347   1.0000   0.0000
  3  3 103.1207 121.2883   0.2002   0.4485  -0.0001   1.0000  19.2876   0.0000
         9.1072  -0.0085  11.1349   0.0000  -0.4423  22.3343   1.0000   0.0000
  2  3 185.0820   0.0000  50.0000  -0.4008 -50.1001   1.0000   6.0000   0.4230
         1.2884 -49.5935   5.6569   0.0000  -0.1960   3.7283   1.0000   0.0000
  3  ! off-diagonal terms;Devdw; rvdw; alfa; rosi; ropi; ropp; 
  1  2   0.0897   1.6309  10.0322   1.0541   0.9000   0.8000
  2  3   0.0802   1.6147   9.6410   0.8401   1.3533   0.7000
  1  3   0.4977   2.1820   8.6221   1.1843   0.9838   3.1272
 18  ! Nr of angles;theta0; val1; val2; coa1; val7; pen1; val4; 
  1  1  1  52.9166  30.4148   6.8582 -19.9711  12.0496 -61.4159   3.1923
  1  1  2  50.6888   0.0000  13.2770 -60.5532   0.0000 -15.0251   4.1824
  2  1  2  79.0173  56.0777   0.0000  -0.0000   1.3903 -37.8728   3.1448
  1  2  2   0.0000   0.0000   0.0000 -79.4528   0.0008 -39.3380   0.0000
  1  2  1   0.0000  14.8187   7.7350  -0.0000   0.0000  52.5094   0.1239
  2  2  2   0.0000   0.0000   0.0000  -0.0000   0.0000 -62.4769   0.0000
  1  1  3  29.3508  19.9681   9.9712  -0.0000   1.1273 -36.4819   0.9342
  3  1  3  75.3276  11.7483  72.4105 -31.8913   0.0413 194.9089   0.0000
  2  1  3  92.0797  26.2764  15.3706  -0.0000  18.3729  16.7604   0.0000
  1  3  1  80.1429 380.4937   3.6648 -59.9900   2.2283 -19.0000   1.0260
  1  3  3  71.9341 106.3840   6.1648 -26.8127   0.6818 -19.0000   1.8347
  3  3  3  85.3998 308.0329  17.0232  -0.0000   6.7019 -28.5324   0.8943
  1  3  2  40.2037 216.6518   0.0760  -9.9900   4.8840  15.3599   0.0000
  2  3  3  71.6693 353.3067   1.3622  -0.0000   0.0000 -57.6166   3.3824
  2  3  2  86.3858 119.5988   4.5253 -79.6590   9.4026  13.5497   4.1106
  1  2  3   0.0000 397.9867  22.6260 -39.6963   5.8493  77.3223   4.7414
  3  2  3   0.0008   0.0000  28.0022  -0.0000   0.2701  64.1287   0.0008
  2  2  3  63.0867 158.3102   0.0755  -0.0000   0.0000   6.7135   3.6574
 36  ! Nr of torsions;V1; V2; V3; tor1; cot1; n.u.; n.u.; 
  1  1  1  1 -99.9900 -99.6467 193.5836  -0.0001  -0.0000   0.0000   0.0000
  1  1  1  2 -39.5985 -99.9900  36.5517  -0.9578  -0.0000   0.0000   0.0000
  2  1  1  2 -17.5374 106.1906  -1.1313  -1.0156 -12.8302   0.0000   0.0000
  1  1  1  3 -14.4576 490.0000 -14.7780  -2.8209  -0.0000   0.0000   0.0000
  2  1  1  3 213.9026 -99.9900 -34.0101  -0.0001  -0.0000   0.0000   0.0000
  3  1  1  3 -99.9900 -99.9900 -99.9900  -0.0001  -9.8584   0.0000   0.0000
  1  1  3  1 256.4296 278.5932 254.2869  -0.0001  -9.9900   0.0000   0.0000
  1  1  3  2 -99.9900 316.8240 -99.9900  -3.4327  -0.0000   0.0000   0.0000
  2  1  3  2  -1.7787 -99.9900  21.3284  -2.5810  -0.0000   0.0000   0.0000
  1  1  3  3 -99.9900  58.5011 189.8336  -0.5886  -0.0000   0.0000   0.0000
  2  1  3  3  77.0224 417.0982   0.0329  -3.6246  -9.9900   0.0000   0.0000
  3  1  3  3  42.4047 198.7300 136.5373  -3.2205  -9.9900   0.0000   0.0000
  1  3  3  1   2.5000  -0.5332   1.0000  -3.5096  -2.9000   0.0000   0.0000
  1  3  3  2 -99.9900 -59.3065 -99.9900  -3.9982  -9.9900   0.0000   0.0000
  2  3  3  2 -36.5234 127.2511 -53.0193  -0.0001  -9.9900   0.0000   0.0000
  1  3  3  3 -68.2132  18.0489 -31.1341  -1.6318  -0.0000   0.0000   0.0000
  2  3  3  3 -32.1978 122.2809 -59.6227 -10.5447  -9.9900   0.0000   0.0000
  3  3  3  3 -99.0798 -99.9900 113.7014  -0.0001  -0.0000   0.0000   0.0000
  1  1  2  1 -92.0173 -99.9900 -99.9900  -0.0001  -0.0000   0.0000   0.0000
  2  1  2  1 -21.2435 203.4936 -17.9223 -18.8510  -0.0000   0.0000   0.0000
  3  1  2  1  -7.4623 -19.9389 -84.7487  -0.0001  -0.0000   0.0000   0.0000
  2  1  2  2 -46.8816  46.8906 -45.8875  -2.1923  -0.0000   0.0000   0.0000
  3  1  2  2 -99.9900 154.4592 136.3927  -1.8915  -0.0000   0.0000   0.0000
  3  1  2  3 109.8776 108.4965 -20.0715  -6.9006  -0.0000   0.0000   0.0000
  1  2  2  1   0.6639   0.7050   0.8402  -0.0001  -0.0000   0.0000   0.0000
  1  2  2  2  -3.8624 -27.4678 -72.7318  -3.1061  -0.0000   0.0000   0.0000
  1  2  2  3 -95.6514 -99.9900  93.1697  -0.0001  -0.0000   0.0000   0.0000
  2  2  2  2   0.0000   0.0000   0.0000  -0.0001  -0.0000   0.0000   0.0000
  2  2  2  3 -94.9962 -94.4947  70.8048  -0.2566  -0.0000   0.0000   0.0000
  3  2  2  3 -64.5067 267.1195 167.8138  -8.9031  -6.9347   0.0000   0.0000
  1  2  3  1   0.0000   0.1000   0.0200  -2.5415  -0.0000   0.0000   0.0000
  2  2  3  1  69.7355  41.6953 -13.1741  -0.0954  -0.0000   0.0000   0.0000
  3  2  3  1 490.0000 419.7209 490.0000  -3.0044  -0.0000   0.0000   0.0000
  2  2  3  2 -99.9900 164.6357 -80.7417  -0.1622  -0.0000   0.0000   0.0000
  3  2  3  2  -8.4079 131.7495 -99.9900  -0.0001  -0.0000   0.0000   0.0000
  3  2  3  3 322.7376 353.9011 399.3487  -0.6870  -0.0000   0.0000   0.0000
  4  ! Nr of Hbonds;rohb; Dehb; hb1; hb2; 
  1  2  1   1.7564  -1.7808  -2.2512   9.8364
  1  2  3   2.5184  -5.2355  50.3500   8.4951
  3  2  1   2.1575  -3.4807   4.6509  27.6571
  3  2  3   1.6704   2.4830  -1.6184   4.0802
