!-ReaxFF-Parameter-From-Machine-Learning-Computational-Materials-Science-172-(2020)-109393--Loss:8.81311
39         ! Number of general parameters 
   30.0000      ! boc1 
    9.5469      ! boc2 
   10.9000      ! coa2 
    1.5105      ! trip4 
    6.6630      ! trip3 
   70.0000      ! kc2 
    1.0588      ! ovun6 
    4.6000      ! trip2 
   12.1176      ! ovun7 
   13.3056      ! ovun8 
  -60.1292      ! trip1 
    0.0000      ! swa 
   10.0000      ! swb 
    0.0000      ! n.u. 
   33.8667      ! val6 
   16.0000      ! lp1 
    1.0563      ! val9 
    2.0384      ! val10 
    0.0000      ! n.u. 
    6.9290      ! pen2 
    0.3989      ! pen3 
    3.9954      ! pen4 
    0.0000      ! n.u. 
    5.7796      ! tor2 
   10.0000      ! tor3 
    1.9487      ! tor4 
    0.0000      ! n.u. 
    2.1645      ! cot2 
    1.5591      ! vdw1 
    0.1000      ! cutoff 
    2.1365      ! coa4 
    0.6991      ! ovun4 
   50.0000      ! ovun3 
    1.8512      ! val8 
    0.0020      ! acut 
    0.0001      ! hbtol 
    0.0000      ! n.u. 
    0.0000      ! Eo 
    2.6962      ! coa3 
6 ! Nr of atoms; atomID;rosi; val; mass; rvdw; Devdw; gamma; ropi; vale; 
            alfa; gammaw; valang; ovun5; n.u.; chi; mu; atomic; 
            ropp; lp2; n.u.; boc4; boc3; boc5; n.u.; n.u.; 
            ovun2; val3; n.u.; valboc; val5; n.u.; n.u.; n.u.; 
 C   1.3825   4.0000  12.0000   1.9133   0.1853   0.9000   1.2443   4.0000
     9.7602   2.1346   4.0000  33.2433   0.0000   5.8678   7.0000 370.3419
     1.0576   0.0000   0.0000   8.6991  34.7289  13.3894   0.0000   0.0000
    -2.8983   2.5000   0.0000   4.0000   2.9663   0.0000   0.0000   0.0000
 H   1.2000   1.0000   1.0080   1.5904   0.0419   1.0206   0.9600   1.0000
     9.3557   5.0518   1.0000   6.0000   0.0000   5.3200   7.4366   1.0000
     0.6720   0.0000   0.0000   1.9771   3.3517   0.7571   0.0000   0.0000
   -15.7683   2.1488   0.0000   1.0000   2.8793   0.0000   0.0000   0.0000
 O   1.2477   2.0000  15.9990   1.9236   0.0904   1.0503   1.1229   6.0000
    10.2127   7.7719   4.0000  36.9573   0.0000   8.5000   8.9989   2.0000
     0.9545   1.0003   0.0000  20.4140   3.3754   0.2702   0.0000   0.0000
    -3.6141   2.7025   0.0000   4.0000   2.9225   0.0000   0.0000   0.0000
 N   1.6157   3.0000  14.0000   2.1004   0.1203   1.0000   1.4541   5.0000
     9.4267  26.8500   4.0000   8.6294   0.0000   7.6099   7.7500   2.0000
     1.2360   0.1000   0.0000   1.7640   2.7409   2.3814   0.0000   0.0000
    -6.5798   4.4843   0.0000   4.0000   2.8793   0.0000   0.0000   0.0000
Al   1.8000   3.0000  26.9820   2.8111   0.2339   0.5210   1.6200   3.0000
     9.7201   1.6721   3.0000   0.0076   0.0000  -0.3180   6.8250 370.3419
     1.3770   0.0000   0.0000  21.0000   0.2434   0.0000   0.0000   0.0000
   -22.5659   1.5750   0.0000   8.0000   2.7080   0.0000   0.0000   0.0000
 F   1.2000   1.0000  18.9980   1.6433   2.7433   1.0206   1.0976   7.0000
     2.0606   1.0000   1.9260  14.5058   0.0000   5.3200   7.4366 371.3419
     0.8874   0.0000   0.0000   3.7647   2.1149  11.7180   0.0000   0.0000
    -0.5342  16.5479   0.0000   0.0000  10.7443   0.0000   0.0000   0.0000
 21  ! Nr of bonds;Desi; Depi; Depp; be1; bo5; corr13; bo6; ovun1; 
                   be2; bo3; bo4; n.u.; bo1; bo2; ovcorr; n.u.; 
  1  1 156.5953 100.0397  80.0000  -0.8157  -0.4591   1.0000  37.7369   0.4235
         0.4527  -0.1000   9.2605   0.0000  -0.0750   6.8316   1.0000   0.0000
  1  2 170.2316   5.0000   5.0000  -0.5931 -50.0000   1.0000   0.0000   0.7140
         5.2267 -50.0000   0.0000   0.0000  -0.0500   6.8315   0.0000   0.0000
  1  3 160.4802 105.1693  23.3059  -0.3873  -0.1613   1.0000  10.8851   1.0000
         0.5341  -0.3174   7.0303   0.0000  -0.1463   5.2913   0.0000   0.0000
  1  4 175.7446 131.3190 132.3859  -0.5827  -0.2709   1.0000  29.9009   0.8400
         1.9511  -0.2103   7.4487   0.0000  -0.1150   5.8717   1.0000   0.0000
  1  5 121.6194   5.0000   5.0000  -0.9298 -50.0000   1.0000   0.0000   0.3862
         0.5833 -50.0000   0.0000   0.0000  -0.0544   5.3680   1.0000   0.0000
  2  2 156.0973   5.0000   5.0000  -0.1377 -50.0000   1.0000   0.0000   0.8240
         2.9907 -50.0000   0.0000   0.0000  -0.0593   4.8358   0.0000   0.0000
  2  3 180.4373   5.0000   5.0000  -0.8074 -50.0000   1.0000   0.0000   0.5514
         1.2490 -50.0000   0.0000   0.0000  -0.0657   5.0451   0.0000   0.0000
  2  4 161.1063   5.0000   5.0000  -0.1387 -50.0000   1.0000   0.0000   0.7276
         0.6127 -50.0000   0.0000   0.0000  -0.0395   7.2218   0.0000   0.0000
  2  5 100.0000   5.0000   5.0000  -0.6837 -50.0000   0.0000   0.0000   0.1666
         0.9449 -50.0000   0.0000   0.0000  -0.0869   6.7482   0.0000   0.0000
  2  6 156.0973   5.0000   5.0000  -0.1377 -50.0000   1.0000   0.0000   0.8240
         2.9907 -50.0000   0.0000   0.0000  -0.0593   4.8358   0.0000   0.0000
  3  3 100.0000 176.6202  51.1430  -0.2802  -0.1244   1.0000  29.6439   0.9114
         0.2441  -0.1239   7.6487   0.0000  -0.1302   6.2919   1.0000   0.0000
  3  4 100.0000 180.5864  40.0000   1.0000  -0.4462   1.0000  34.9336   0.2000
         0.8154  -0.2175   7.0255   0.0000  -0.1937   5.2140   1.0000   0.0000
  3  5 181.2838   5.0000   5.0000  -0.2281 -50.0000   0.0000   0.0000   0.2016
         0.2000 -50.0000   0.0000   0.0000  -0.2013   5.8390   0.0000   0.0000
  4  4 134.6492  66.2329 149.2707  -0.7228  -0.1000   1.0000  19.0850   1.0000
         0.6060  -0.2050   9.7308   0.0000  -0.1791   5.8008   1.0000   0.0000
  4  5 100.0000   5.0000   5.0000  -0.2784 -50.0000   1.0000   0.0000   0.2083
         0.3493 -50.0000   0.0000   0.0000  -0.0418   4.3338   1.0000   0.0000
  5  5 100.0000   5.0000   5.0000   0.4844 -50.0000   0.0000   0.0000   0.5410
         6.1400 -50.0000   0.0000   0.0000  -0.1390   6.2909   0.0000   0.0000
  1  6  93.4083   5.0000   5.0000  -6.0000 -50.0000   1.0000   0.0000   1.9071
         1.6993 -50.0000   0.0000   0.0000  -0.0688   3.3239   0.0000   0.0000
  6  6 156.0973   5.0000   5.0000  -0.1377 -50.0000   1.0000   0.0000   0.8240
         2.9907 -50.0000   0.0000   0.0000  -0.0593   4.8358   0.0000   0.0000
  6  3 180.4373   5.0000   5.0000  -0.8074 -50.0000   1.0000   0.0000   0.5514
         1.2490 -50.0000   0.0000   0.0000  -0.0657   5.0451   0.0000   0.0000
  6  4 161.1063   5.0000   5.0000  -0.1387 -50.0000   1.0000   0.0000   0.7276
         0.6127 -50.0000   0.0000   0.0000  -0.0395   7.2218   0.0000   0.0000
  6  5 115.9495   5.0000   5.0000   0.4517 -50.0000   0.0000   0.0000   0.7240
         0.5960 -50.0000   0.0000   0.0000  -0.2826   8.8389   0.0000   0.0000
 15  ! off-diagonal terms;Devdw; rvdw; alfa; rosi; ropi; ropp; 
  1  2   0.1219   1.5000   9.8442   1.1203   1.0083   0.8570
  1  3   0.1131   1.8523   9.8442   1.2775   1.1497   0.9772
  1  4   0.1398   1.9263  10.1847   1.4778   1.3300   1.1305
  1  5   0.2037   2.1008   9.5429   1.6160   1.3986   1.1888
  2  3   0.0344   1.6800  10.3247   0.9013   0.8112   0.6895
  2  4   0.0480   2.3000   9.0050   1.0156   0.9140   0.7769
  2  5   0.0592   2.2377  12.5587   1.7213   1.5492   1.3168
  3  4   0.0942   1.9531  10.3265   1.3018   1.1716   0.9959
  3  5   0.1920   2.1112  10.5170   1.6240   1.4616   1.2424
  4  5   0.0874   2.1008   8.4797   1.6160   1.2928   0.9050
  1  6   0.0100   1.6497  13.8645   1.2823   1.1330   0.9631
  2  6   0.1219   1.5000   9.8442   0.8800   0.7920   0.6732
  6  3   0.0344   1.6800  10.3247   1.2400   1.1160   0.9486
  6  4   0.0480   2.3000   9.0050   1.2800   1.1520   0.9792
  6  5   0.0450   2.5515  12.0656   1.5636   1.3905   1.2090
100  ! Nr of angles;theta0; val1; val2; coa1; val7; pen1; val4; 
  1  1  1  67.2326  22.0695   1.6286  -0.0000   1.7959  15.4141   1.8089
  1  1  2  65.2527  14.3185   6.2977  -0.0000   0.5645   0.0000   1.1530
  1  1  3  49.5561   7.3771   4.9568  -0.0000   0.7533  15.9906   1.0010
  1  1  4  61.6894   9.9742   3.5920  -0.0000   5.0000  50.0000   2.2098
  1  2  1   0.0000   3.4110   7.7350  -0.0000   0.0000   0.0000   1.0400
  1  2  2   0.0000   0.0000   6.0000  -0.0000   0.0000   0.0000   1.0400
  1  2  3   0.0000  25.0000   3.0000  -0.0000   1.0000   0.0000   1.0400
  1  2  4   0.0000   0.0019   6.3000  -0.0000   0.0000   0.0000   1.0400
  1  3  1  74.3994  44.7500   0.7982  -0.0000   3.0000   0.0000   1.0528
  1  3  2  71.5018  21.7062   0.4735  -0.0000   0.5186   0.0000   1.1793
  1  3  3  77.9854  36.6201   2.0201  -0.0000   0.7434  67.0264   3.0000
  1  3  4  71.7246  38.5022   1.1738  -0.0000   1.6310   0.0000   1.2782
  1  3  5  52.0259  40.6364   2.0197  -0.0000   1.2242   0.0000   0.7154
  1  4  1  68.9764  14.3404   1.9702  -0.0000   1.3606   0.0000   1.0000
  1  4  2  76.9847  29.2262   0.9407  -0.0000   0.0300   0.0000   2.6196
  1  4  3  76.1086  35.0355   1.0724  -0.0000   1.6777   0.0000   1.6071
  1  4  4  81.8917  25.7475   0.7287  -0.0000   2.0100   0.0000   1.9350
  1  4  5  34.4050  18.1457  21.2380  -0.0000   0.0990   0.0000   1.0960
  1  5  1  64.4413  72.3834   2.6895  -0.0000   3.1832   0.0731   0.5283
  1  5  2  65.9162  26.2986   0.8173  -0.0000   0.9779   0.0000   1.4261
  1  5  3  66.5483  26.6212   0.8682  -0.0000   0.9463   0.0000   1.2130
  1  5  4  68.9015  32.0743   0.8790  -0.0000   1.0190   0.0000   1.2500
  2  1  2  70.0840  25.3540   3.4508  -0.0000   0.0050   0.0000   3.0000
  2  1  3  65.0000  14.2057   4.8649  -0.0000   0.3504   0.0000   1.7185
  2  1  4  66.9313  25.8025   3.5718  -0.0000   0.0600   0.0000   1.0946
  2  2  2   0.0000  27.9213   5.8635  -0.0000   0.0000   0.0000   1.0400
  2  2  3   0.0000   9.7025   6.0000  -0.0000   0.0000   0.0000   1.0400
  2  2  4   0.0000   0.0019   6.0000  -0.0000   0.0000   0.0000   1.0400
  2  2  5   0.0000   3.0000   1.0000  -0.0000   1.0000   0.0000   1.2500
  2  3  2  77.0645  10.4737   1.2895  -0.0000   0.9924   0.0000   1.1043
  2  3  3  84.9468  23.3540   1.5057  -0.0000   2.6374   0.0000   1.3023
  2  3  4  81.0695  40.0000   2.0285  -0.0000   0.1218   0.0000   1.4477
  2  3  5  85.2651  12.6894   1.4310  -0.0000   2.9154   0.0000   1.0306
  2  4  2  58.0387   1.1862   3.9770  -0.0000   0.0222   0.0000   1.0000
  2  4  3  85.4080  40.0000   1.7549  -0.0000   0.0222   0.0000   1.0774
  2  4  4  83.5658  40.0000   1.3540  -0.0000   0.0222   0.0000   2.6397
  2  4  5  78.4333  86.5106   9.1810  -0.0000   0.0000   0.0000   2.4301
  2  5  2  82.3265   4.4265   5.9729  -0.0000   2.9098   0.0000   2.3546
  2  5  3  43.3357  16.5713   2.7565  -0.0000   0.7554   0.0000   0.9916
  2  5  4  59.4928  22.6108   2.1788  -0.0000   0.0000   0.0000   1.2470
  2  5  5  63.0192  39.5290   0.4826  -0.0000   1.1490   0.0000   2.5708
  2  6  2   0.0000  27.9213   5.8635  -0.0000   0.0000   0.0000   1.0400
  3  1  3  77.1171  39.8746   2.5403 -24.3902   1.7740 -42.9758   2.1240
  3  1  4  67.5853  29.6915   1.8611  -0.0000   3.0000   0.0000   1.5926
  3  2  3   0.0000   0.0148   6.0000  -0.0000   0.0000   0.0000   1.0400
  3  2  4   0.0000   0.0019   6.0000  -0.0000   0.0000   0.0000   1.0400
  3  2  5   0.0000   4.2750   1.0250  -0.0000   1.3750   0.0000   1.4750
  3  3  3  80.7324  30.4554   0.9953  -0.0000   1.6310  50.0000   1.0783
  3  3  4  83.0764  35.5413   1.4072  -0.0000   1.6310   0.0000   1.1439
  3  3  5  34.4326  25.9544   5.1239  -0.0000   2.7500   0.0000   1.7141
  3  4  3  80.1274  24.7547   1.7946 -10.0963   1.6777   0.0000   3.2815
  3  4  4  83.6527  36.3627   1.0967  -0.9193   1.6777   0.0000   1.0000
  3  4  5  58.8641   1.2460  11.8922  -0.0000   2.1963   0.0000   1.0281
  3  5  3  56.7775  19.5336   3.8000  -0.0000   2.9145   0.0000   2.2013
  3  5  5  54.3794  11.9954   6.6823  -0.0000   2.8400   0.0000   3.0947
  4  1  4  53.0437  35.9280   1.7824  -0.0000   5.0000   0.0000   4.0000
  4  2  4   0.0000   0.0019   6.0000  -0.0000   0.0000   0.0000   1.0400
  4  3  4  79.3317  40.0000   2.3424  -0.0000   1.6310   0.0000   1.0061
  4  3  5  97.2151  14.4977   2.9963  -0.0000   1.6620   0.0000   0.9623
  4  4  4  90.0000  44.3028   1.6659  -0.0000   0.7529   0.0000   1.2398
  4  5  3  58.6396  34.7013   1.7537  -0.0000   3.2295   0.0000   1.2740
  4  5  4  68.3086  24.7709   3.0837  -0.0000   0.9847   0.0000   3.0667
  4  5  5  52.9449  32.8681   1.6730  -0.0000   0.7363   0.0000   1.6232
  5  1  5  58.3466  44.5768   2.5933  -0.0000   0.0000   0.0003   0.0511
  5  2  5  28.7331  19.8467   0.1329  -0.0000   2.7380   0.0000   0.9550
  5  3  5  85.9239  14.4339   3.7498  -0.0000   0.6318   0.0000   1.3080
  5  4  5  69.3141  15.6357   4.6082  -0.0000   2.4017   0.0000   4.5085
  1  1  6  67.1600  21.7226   6.6692 -83.8087   0.6243 -49.8788   0.2218
  1  6  1   0.0000   0.0000   7.7350  -0.0000   0.2902 -11.9958   0.7336
  1  6  6   0.0000   0.0000   6.0000  -0.0000   0.0000  -0.0000   1.0400
  1  6  3   0.0000  25.0000   3.0000  -0.0000   1.0000   0.0000   1.0400
  1  6  4   0.0000   0.0019   6.3000  -0.0000   0.0000   0.0000   1.0400
  1  3  6  71.5018  21.7062   0.4735  -0.0000   0.5186   0.0000   1.1793
  1  4  6  76.9847  29.2262   0.9407  -0.0000   0.0300   0.0000   2.6196
  1  5  6  64.5917  57.5500   1.9857  -0.0000   2.4514  11.4412   3.0654
  6  1  6  76.4248  37.6475   0.0000  -0.0000   1.4972  46.4639   0.0000
  6  1  3  65.0000  14.2057   4.8649  -0.0000   0.3504   0.0000   1.7185
  6  1  4  66.9313  25.8025   3.5718  -0.0000   0.0600   0.0000   1.0946
  6  6  6   0.0000  27.9213   5.8635  -0.0000   0.0000   0.0000   1.0400
  6  6  2   0.0000   9.7025   6.0000  -0.0000   0.0000   0.0000   1.0400
  6  6  3   0.0000   9.7025   6.0000  -0.0000   0.0000   0.0000   1.0400
  6  6  4   0.0000   0.0019   6.0000  -0.0000   0.0000   0.0000   1.0400
  6  6  5   0.0000   3.0000   1.0000  -0.0000   1.0000   0.0000   1.2500
  6  3  6  77.0645  10.4737   1.2895  -0.0000   0.9924   0.0000   1.1043
  6  3  3  84.9468  23.3540   1.5057  -0.0000   2.6374   0.0000   1.3023
  6  3  4  81.0695  40.0000   2.0285  -0.0000   0.1218   0.0000   1.4477
  6  3  5  85.2651  12.6894   1.4310  -0.0000   2.9154   0.0000   1.0306
  6  4  6  58.0387   1.1862   3.9770  -0.0000   0.0222   0.0000   1.0000
  6  4  3  85.4080  40.0000   1.7549  -0.0000   0.0222   0.0000   1.0774
  6  4  4  83.5658  40.0000   1.3540  -0.0000   0.0222   0.0000   2.6397
  6  4  5  78.4333  86.5106   9.1810  -0.0000   0.0000   0.0000   2.4301
  6  5  6  81.8647   8.4006   6.8109  -0.0000   4.0319 -17.7877   2.6411
  6  5  3  43.3357  16.5713   2.7565  -0.0000   0.7554   0.0000   0.9916
  6  5  4  59.4928  22.6108   2.1788  -0.0000   0.0000   0.0000   1.2470
  6  5  5  60.3743  61.4065   1.8238  -0.0000   1.4409   5.4541   0.8232
  3  6  3   0.0000   0.0148   6.0000  -0.0000   0.0000   0.0000   1.0400
  3  6  4   0.0000   0.0019   6.0000  -0.0000   0.0000   0.0000   1.0400
  3  6  5   0.0000   4.2750   1.0250  -0.0000   1.3750   0.0000   1.4750
  4  6  4   0.0000   0.0019   6.0000  -0.0000   0.0000   0.0000   1.0400
  5  6  5  29.0147  22.3499   0.0000  -0.0000   2.5241  -5.1452   0.9491
441  ! Nr of torsions;V1; V2; V3; tor1; cot1; n.u.; n.u.; 
  1  1  1  1  -0.2500  11.5822   0.1879  -4.7057  -2.2047   0.0000   0.0000
  1  1  1  2  -0.2500  31.2596   0.1709  -4.6391  -1.9002   0.0000   0.0000
  1  1  1  3  -0.7098  22.2951   0.0060  -2.5000  -2.1688   0.0000   0.0000
  1  1  1  4   0.0000  50.0000   0.3000  -4.0000  -2.0000   0.0000   0.0000
  1  1  1  5   0.0000  50.0000   0.3000  -4.0000  -2.0000   0.0000   0.0000
  1  1  1  6  -0.2500  31.2596   0.1709  -4.6391  -1.9002   0.0000   0.0000
  1  1  2  1   0.0000   0.0000   0.0000  -0.0001  -0.0000   0.0000   0.0000
  1  1  2  2   0.0000   0.0000   0.0000  -0.0001  -0.0000   0.0000   0.0000
  1  1  2  3   0.0000   0.0000   0.0000  -0.0001  -0.0000   0.0000   0.0000
  1  1  2  4   0.0000   0.0000   0.0000  -0.0001  -0.0000   0.0000   0.0000
  1  1  2  5   0.0000   0.0000   0.0000  -0.0001  -0.0000   0.0000   0.0000
  1  1  2  6   0.0000   0.0000   0.0000  -0.0001  -0.0000   0.0000   0.0000
  1  1  3  1   2.0007  25.5641  -0.0608  -2.6456  -1.1766   0.0000   0.0000
  1  1  3  2  -1.1953  42.1545  -1.0000  -8.0821  -1.0000   0.0000   0.0000
  1  1  3  3  -0.0179   5.0603  -0.1894  -2.5000  -2.0399   0.0000   0.0000
  1  1  3  4   0.0000   0.0000   0.0000  -0.0001  -0.0000   0.0000   0.0000
  1  1  3  5   0.0000   0.0000   0.0000  -0.0001  -0.0000   0.0000   0.0000
  1  1  3  6  -1.1953  42.1545  -1.0000  -8.0821  -1.0000   0.0000   0.0000
  1  1  4  1  -0.5473  25.3808   0.9931  -4.3407  -3.0000   0.0000   0.0000
  1  1  4  2  -0.5473  25.3808   0.9931  -4.3407  -3.0000   0.0000   0.0000
  1  1  4  3  -0.5473  25.3808   0.9931  -4.3407  -3.0000   0.0000   0.0000
  1  1  4  4  -0.5473  25.3808   0.9931  -4.3407  -3.0000   0.0000   0.0000
  1  1  4  5  -0.5473  25.3808   0.9931  -4.3407  -3.0000   0.0000   0.0000
  1  1  4  6  -0.5473  25.3808   0.9931  -4.3407  -3.0000   0.0000   0.0000
  1  1  5  1   0.0000   0.0000   0.0000  -0.0001  -0.0000   0.0000   0.0000
  1  1  5  2   0.0000   0.0000   0.0000  -0.0001  -0.0000   0.0000   0.0000
  1  1  5  3   0.0000   0.0000   0.0000  -0.0001  -0.0000   0.0000   0.0000
  1  1  5  4   0.0000   0.0000   0.0000  -0.0001  -0.0000   0.0000   0.0000
  1  1  5  5   0.0000   0.0000   0.0000  -0.0001  -0.0000   0.0000   0.0000
  1  1  5  6   0.0000   0.0000   0.0000  -0.0001  -0.0000   0.0000   0.0000
  1  1  6  1   0.0000   0.0000   0.0000  -0.0001  -0.0000   0.0000   0.0000
  1  1  6  2   0.0000   0.0000   0.0000  -0.0001  -0.0000   0.0000   0.0000
  1  1  6  3   0.0000   0.0000   0.0000  -0.0001  -0.0000   0.0000   0.0000
  1  1  6  4   0.0000   0.0000   0.0000  -0.0001  -0.0000   0.0000   0.0000
  1  1  6  5   0.0000   0.0000   0.0000  -0.0001  -0.0000   0.0000   0.0000
  1  1  6  6   0.0000   0.0000   0.0000  -0.0001  -0.0000   0.0000   0.0000
  1  2  2  1   0.0000   0.0000   0.0000  -0.0001  -0.0000   0.0000   0.0000
  1  2  2  2   0.0000   0.0000   0.0000  -0.0001  -0.0000   0.0000   0.0000
  1  2  2  3   0.0000   0.0000   0.0000  -0.0001  -0.0000   0.0000   0.0000
  1  2  2  4   0.0000   0.0000   0.0000  -0.0001  -0.0000   0.0000   0.0000
  1  2  2  5   0.0000   0.0000   0.0000  -0.0001  -0.0000   0.0000   0.0000
  1  2  2  6   0.0000   0.0000   0.0000  -0.0001  -0.0000   0.0000   0.0000
  1  2  3  1   0.0000   0.1000   0.0200  -2.5415  -0.0000   0.0000   0.0000
  1  2  3  2   0.0000   0.1000   0.0200  -2.5415  -0.0000   0.0000   0.0000
  1  2  3  3   0.0000   0.1000   0.0200  -2.5415  -0.0000   0.0000   0.0000
  1  2  3  4   0.0000   0.1000   0.0200  -2.5415  -0.0000   0.0000   0.0000
  1  2  3  5   0.0000   0.1000   0.0200  -2.5415  -0.0000   0.0000   0.0000
  1  2  3  6   0.0000   0.1000   0.0200  -2.5415  -0.0000   0.0000   0.0000
  1  2  4  1   0.0000   0.1000   0.0200  -2.5415  -0.0000   0.0000   0.0000
  1  2  4  2   0.0000   0.1000   0.0200  -2.5415  -0.0000   0.0000   0.0000
  1  2  4  3   0.0000   0.1000   0.0200  -2.5415  -0.0000   0.0000   0.0000
  1  2  4  4   0.0000   0.1000   0.0200  -2.5415  -0.0000   0.0000   0.0000
  1  2  4  5   0.0000   0.1000   0.0200  -2.5415  -0.0000   0.0000   0.0000
  1  2  4  6   0.0000   0.1000   0.0200  -2.5415  -0.0000   0.0000   0.0000
  1  2  5  1   0.0000   0.0000   0.0000  -0.0001  -0.0000   0.0000   0.0000
  1  2  5  2   0.0000   0.0000   0.0000  -0.0001  -0.0000   0.0000   0.0000
  1  2  5  3   0.0000   0.0000   0.0000  -0.0001  -0.0000   0.0000   0.0000
  1  2  5  4   0.0000   0.0000   0.0000  -0.0001  -0.0000   0.0000   0.0000
  1  2  5  5   0.0000   0.0000   0.0000  -0.0001  -0.0000   0.0000   0.0000
  1  2  5  6   0.0000   0.0000   0.0000  -0.0001  -0.0000   0.0000   0.0000
  1  2  6  1   0.0000   0.0000   0.0000  -0.0001  -0.0000   0.0000   0.0000
  1  2  6  2   0.0000   0.0000   0.0000  -0.0001  -0.0000   0.0000   0.0000
  1  2  6  3   0.0000   0.0000   0.0000  -0.0001  -0.0000   0.0000   0.0000
  1  2  6  4   0.0000   0.0000   0.0000  -0.0001  -0.0000   0.0000   0.0000
  1  2  6  5   0.0000   0.0000   0.0000  -0.0001  -0.0000   0.0000   0.0000
  1  2  6  6   0.0000   0.0000   0.0000  -0.0001  -0.0000   0.0000   0.0000
  1  3  3  1   2.5000  -0.5332   1.0000  -3.5096  -2.9000   0.0000   0.0000
  1  3  3  2  -2.5000   3.3219   0.7180  -5.2021  -2.9330   0.0000   0.0000
  1  3  3  3   0.0531 -17.3983   1.0000  -2.5000  -2.1584   0.0000   0.0000
  1  3  3  4   0.5511  25.4150   1.1330  -5.1903  -1.0000   0.0000   0.0000
  1  3  3  5   0.5511  25.4150   1.1330  -5.1903  -1.0000   0.0000   0.0000
  1  3  3  6  -2.5000   3.3219   0.7180  -5.2021  -2.9330   0.0000   0.0000
  1  3  4  1   2.0000  71.9948  -0.8805  -6.1274  -2.7831   0.0000   0.0000
  1  3  4  2   2.0000  71.9948  -0.8805  -6.1274  -2.7831   0.0000   0.0000
  1  3  4  3   2.0000  71.9948  -0.8805  -6.1274  -2.7831   0.0000   0.0000
  1  3  4  4   2.0000  71.9948  -0.8805  -6.1274  -2.7831   0.0000   0.0000
  1  3  4  5   2.0000  71.9948  -0.8805  -6.1274  -2.7831   0.0000   0.0000
  1  3  4  6   2.0000  71.9948  -0.8805  -6.1274  -2.7831   0.0000   0.0000
  1  3  5  1   0.0000   0.0000   0.0000  -0.0001  -0.0000   0.0000   0.0000
  1  3  5  2   0.0000   0.0000   0.0000  -0.0001  -0.0000   0.0000   0.0000
  1  3  5  3   0.0000   0.0000   0.0000  -0.0001  -0.0000   0.0000   0.0000
  1  3  5  4   0.0000   0.0000   0.0000  -0.0001  -0.0000   0.0000   0.0000
  1  3  5  5   0.0000   0.0000   0.0000  -0.0001  -0.0000   0.0000   0.0000
  1  3  5  6   0.0000   0.0000   0.0000  -0.0001  -0.0000   0.0000   0.0000
  1  3  6  1   0.0000   0.1000   0.0200  -2.5415  -0.0000   0.0000   0.0000
  1  3  6  2   0.0000   0.1000   0.0200  -2.5415  -0.0000   0.0000   0.0000
  1  3  6  3   0.0000   0.1000   0.0200  -2.5415  -0.0000   0.0000   0.0000
  1  3  6  4   0.0000   0.1000   0.0200  -2.5415  -0.0000   0.0000   0.0000
  1  3  6  5   0.0000   0.1000   0.0200  -2.5415  -0.0000   0.0000   0.0000
  1  3  6  6   0.0000   0.1000   0.0200  -2.5415  -0.0000   0.0000   0.0000
  1  4  4  1   2.0000  90.0000  -0.7837  -9.0000  -2.0000   0.0000   0.0000
  1  4  4  2   2.0000  90.0000  -0.7837  -9.0000  -2.0000   0.0000   0.0000
  1  4  4  3   2.0000  90.0000  -0.7837  -9.0000  -2.0000   0.0000   0.0000
  1  4  4  4   2.0000  90.0000  -0.7837  -9.0000  -2.0000   0.0000   0.0000
  1  4  4  5   2.0000  90.0000  -0.7837  -9.0000  -2.0000   0.0000   0.0000
  1  4  4  6   2.0000  90.0000  -0.7837  -9.0000  -2.0000   0.0000   0.0000
  1  4  5  1   0.0000   0.0000   0.0000  -0.0001  -0.0000   0.0000   0.0000
  1  4  5  2   0.0000   0.0000   0.0000  -0.0001  -0.0000   0.0000   0.0000
  1  4  5  3  -0.0020  89.5242   1.5000  -4.1018  -3.0872   0.0000   0.0000
  1  4  5  4   0.0000   0.0000   0.0000  -0.0001  -0.0000   0.0000   0.0000
  1  4  5  5   0.0000   0.0000   0.0000  -0.0001  -0.0000   0.0000   0.0000
  1  4  5  6   0.0000   0.0000   0.0000  -0.0001  -0.0000   0.0000   0.0000
  1  4  6  1   0.0000   0.1000   0.0200  -2.5415  -0.0000   0.0000   0.0000
  1  4  6  2   0.0000   0.1000   0.0200  -2.5415  -0.0000   0.0000   0.0000
  1  4  6  3   0.0000   0.1000   0.0200  -2.5415  -0.0000   0.0000   0.0000
  1  4  6  4   0.0000   0.1000   0.0200  -2.5415  -0.0000   0.0000   0.0000
  1  4  6  5   0.0000   0.1000   0.0200  -2.5415  -0.0000   0.0000   0.0000
  1  4  6  6   0.0000   0.1000   0.0200  -2.5415  -0.0000   0.0000   0.0000
  1  5  5  1   0.0000   0.0000   0.0000  -0.0001  -0.0000   0.0000   0.0000
  1  5  5  2   0.0000   0.0000   0.0000  -0.0001  -0.0000   0.0000   0.0000
  1  5  5  3   0.0000   0.0000   0.0000  -0.0001  -0.0000   0.0000   0.0000
  1  5  5  4   0.0000   0.0000   0.0000  -0.0001  -0.0000   0.0000   0.0000
  1  5  5  5   0.0000   0.0000   0.0000  -0.0001  -0.0000   0.0000   0.0000
  1  5  5  6   0.0000   0.0000   0.0000  -0.0001  -0.0000   0.0000   0.0000
  1  5  6  1   0.0000   0.0000   0.0000  -0.0001  -0.0000   0.0000   0.0000
  1  5  6  2   0.0000   0.0000   0.0000  -0.0001  -0.0000   0.0000   0.0000
  1  5  6  3   0.0000   0.0000   0.0000  -0.0001  -0.0000   0.0000   0.0000
  1  5  6  4   0.0000   0.0000   0.0000  -0.0001  -0.0000   0.0000   0.0000
  1  5  6  5   0.0000   0.0000   0.0000  -0.0001  -0.0000   0.0000   0.0000
  1  5  6  6   0.0000   0.0000   0.0000  -0.0001  -0.0000   0.0000   0.0000
  1  6  6  1   0.0000   0.0000   0.0000  -0.0001  -0.0000   0.0000   0.0000
  1  6  6  2   0.0000   0.0000   0.0000  -0.0001  -0.0000   0.0000   0.0000
  1  6  6  3   0.0000   0.0000   0.0000  -0.0001  -0.0000   0.0000   0.0000
  1  6  6  4   0.0000   0.0000   0.0000  -0.0001  -0.0000   0.0000   0.0000
  1  6  6  5   0.0000   0.0000   0.0000  -0.0001  -0.0000   0.0000   0.0000
  1  6  6  6   0.0000   0.0000   0.0000  -0.0001  -0.0000   0.0000   0.0000
  2  1  1  2  -0.1770  30.0252   0.4340  -5.0019  -2.0697   0.0000   0.0000
  2  1  1  3  -0.3568  22.6472   0.6045  -4.0088  -1.0000   0.0000   0.0000
  2  1  1  4   0.0000  50.0000   0.3000  -4.0000  -2.0000   0.0000   0.0000
  2  1  1  5   0.0000  50.0000   0.3000  -4.0000  -2.0000   0.0000   0.0000
  2  1  1  6   0.0000  50.0000   0.3000  -4.0000  -2.0000   0.0000   0.0000
  2  1  2  2   0.0000   0.0000   0.0000  -0.0001  -0.0000   0.0000   0.0000
  2  1  2  3   0.0000   0.0000   0.0000  -0.0001  -0.0000   0.0000   0.0000
  2  1  2  4   0.0000   0.0000   0.0000  -0.0001  -0.0000   0.0000   0.0000
  2  1  2  5   0.0000   0.0000   0.0000  -0.0001  -0.0000   0.0000   0.0000
  2  1  2  6   0.0000   0.0000   0.0000  -0.0001  -0.0000   0.0000   0.0000
  2  1  3  2  -2.5000  79.6980   1.0000  -3.5697  -2.7501   0.0000   0.0000
  2  1  3  3  -0.5583  80.0000   1.0000  -4.4000  -3.0000   0.0000   0.0000
  2  1  3  4   0.0000   0.0000   0.0000  -0.0001  -0.0000   0.0000   0.0000
  2  1  3  5   0.0000   0.0000   0.0000  -0.0001  -0.0000   0.0000   0.0000
  2  1  3  6   0.0000   0.0000   0.0000  -0.0001  -0.0000   0.0000   0.0000
  2  1  4  2  -0.5473  25.3808   0.9931  -4.3407  -3.0000   0.0000   0.0000
  2  1  4  3  -0.5473  25.3808   0.9931  -4.3407  -3.0000   0.0000   0.0000
  2  1  4  4  -0.5473  25.3808   0.9931  -4.3407  -3.0000   0.0000   0.0000
  2  1  4  5  -0.5473  25.3808   0.9931  -4.3407  -3.0000   0.0000   0.0000
  2  1  4  6  -0.5473  25.3808   0.9931  -4.3407  -3.0000   0.0000   0.0000
  2  1  5  2   0.0000   0.0000   0.0000  -0.0001  -0.0000   0.0000   0.0000
  2  1  5  3   0.0000   0.0000   0.0000  -0.0001  -0.0000   0.0000   0.0000
  2  1  5  4   0.0000   0.0000   0.0000  -0.0001  -0.0000   0.0000   0.0000
  2  1  5  5   0.0000   0.0000   0.0000  -0.0001  -0.0000   0.0000   0.0000
  2  1  5  6   0.0000   0.0000   0.0000  -0.0001  -0.0000   0.0000   0.0000
  2  1  6  2   0.0000   0.0000   0.0000  -0.0001  -0.0000   0.0000   0.0000
  2  1  6  3   0.0000   0.0000   0.0000  -0.0001  -0.0000   0.0000   0.0000
  2  1  6  4   0.0000   0.0000   0.0000  -0.0001  -0.0000   0.0000   0.0000
  2  1  6  5   0.0000   0.0000   0.0000  -0.0001  -0.0000   0.0000   0.0000
  2  1  6  6   0.0000   0.0000   0.0000  -0.0001  -0.0000   0.0000   0.0000
  2  2  2  2   0.0000   0.0000   0.0000  -0.0001  -0.0000   0.0000   0.0000
  2  2  2  3   0.0000   0.0000   0.0000  -0.0001  -0.0000   0.0000   0.0000
  2  2  2  4   0.0000   0.0000   0.0000  -0.0001  -0.0000   0.0000   0.0000
  2  2  2  5   0.0000   0.0000   0.0000  -0.0001  -0.0000   0.0000   0.0000
  2  2  2  6   0.0000   0.0000   0.0000  -0.0001  -0.0000   0.0000   0.0000
  2  2  3  2   0.0000   0.1000   0.0200  -2.5415  -0.0000   0.0000   0.0000
  2  2  3  3   0.0000   0.1000   0.0200  -2.5415  -0.0000   0.0000   0.0000
  2  2  3  4   0.0000   0.1000   0.0200  -2.5415  -0.0000   0.0000   0.0000
  2  2  3  5   0.0000   0.1000   0.0200  -2.5415  -0.0000   0.0000   0.0000
  2  2  3  6   0.0000   0.1000   0.0200  -2.5415  -0.0000   0.0000   0.0000
  2  2  4  2   0.0000   0.1000   0.0200  -2.5415  -0.0000   0.0000   0.0000
  2  2  4  3   0.0000   0.1000   0.0200  -2.5415  -0.0000   0.0000   0.0000
  2  2  4  4   0.0000   0.1000   0.0200  -2.5415  -0.0000   0.0000   0.0000
  2  2  4  5   0.0000   0.1000   0.0200  -2.5415  -0.0000   0.0000   0.0000
  2  2  4  6   0.0000   0.1000   0.0200  -2.5415  -0.0000   0.0000   0.0000
  2  2  5  2   0.0000   0.0000   0.0000  -0.0001  -0.0000   0.0000   0.0000
  2  2  5  3   0.0000   0.0000   0.0000  -0.0001  -0.0000   0.0000   0.0000
  2  2  5  4   0.0000   0.0000   0.0000  -0.0001  -0.0000   0.0000   0.0000
  2  2  5  5   0.0000   0.0000   0.0000  -0.0001  -0.0000   0.0000   0.0000
  2  2  5  6   0.0000   0.0000   0.0000  -0.0001  -0.0000   0.0000   0.0000
  2  2  6  2   0.0000   0.0000   0.0000  -0.0001  -0.0000   0.0000   0.0000
  2  2  6  3   0.0000   0.0000   0.0000  -0.0001  -0.0000   0.0000   0.0000
  2  2  6  4   0.0000   0.0000   0.0000  -0.0001  -0.0000   0.0000   0.0000
  2  2  6  5   0.0000   0.0000   0.0000  -0.0001  -0.0000   0.0000   0.0000
  2  2  6  6   0.0000   0.0000   0.0000  -0.0001  -0.0000   0.0000   0.0000
  2  3  3  2   2.2500  -6.2288   1.0000  -2.6189  -1.0000   0.0000   0.0000
  2  3  3  3   0.4723 -12.4144  -1.0000  -2.5000  -1.0000   0.0000   0.0000
  2  3  3  4   0.5511  25.4150   1.1330  -5.1903  -1.0000   0.0000   0.0000
  2  3  3  5   0.5511  25.4150   1.1330  -5.1903  -1.0000   0.0000   0.0000
  2  3  3  6   0.5511  25.4150   1.1330  -5.1903  -1.0000   0.0000   0.0000
  2  3  4  2   2.0000  71.9948  -0.8805  -6.1274  -2.7831   0.0000   0.0000
  2  3  4  3   2.0000  71.9948  -0.8805  -6.1274  -2.7831   0.0000   0.0000
  2  3  4  4   2.0000  71.9948  -0.8805  -6.1274  -2.7831   0.0000   0.0000
  2  3  4  5   2.0000  71.9948  -0.8805  -6.1274  -2.7831   0.0000   0.0000
  2  3  4  6   2.0000  71.9948  -0.8805  -6.1274  -2.7831   0.0000   0.0000
  2  3  5  2   0.0000   0.0000   0.0000  -0.0001  -0.0000   0.0000   0.0000
  2  3  5  3   0.0000   0.0000   0.0000  -0.0001  -0.0000   0.0000   0.0000
  2  3  5  4   0.0000   0.0000   0.0000  -0.0001  -0.0000   0.0000   0.0000
  2  3  5  5   0.0000   0.0000   0.0000  -0.0001  -0.0000   0.0000   0.0000
  2  3  5  6   0.0000   0.0000   0.0000  -0.0001  -0.0000   0.0000   0.0000
  2  3  6  2   0.0000   0.1000   0.0200  -2.5415  -0.0000   0.0000   0.0000
  2  3  6  3   0.0000   0.1000   0.0200  -2.5415  -0.0000   0.0000   0.0000
  2  3  6  4   0.0000   0.1000   0.0200  -2.5415  -0.0000   0.0000   0.0000
  2  3  6  5   0.0000   0.1000   0.0200  -2.5415  -0.0000   0.0000   0.0000
  2  3  6  6   0.0000   0.1000   0.0200  -2.5415  -0.0000   0.0000   0.0000
  2  4  4  2   2.0000  90.0000  -0.7837  -9.0000  -2.0000   0.0000   0.0000
  2  4  4  3   2.0000  90.0000  -0.7837  -9.0000  -2.0000   0.0000   0.0000
  2  4  4  4   2.0000  90.0000  -0.7837  -9.0000  -2.0000   0.0000   0.0000
  2  4  4  5   2.0000  90.0000  -0.7837  -9.0000  -2.0000   0.0000   0.0000
  2  4  4  6   2.0000  90.0000  -0.7837  -9.0000  -2.0000   0.0000   0.0000
  2  4  5  2   0.0000   0.0000   0.0000  -0.0001  -0.0000   0.0000   0.0000
  2  4  5  3   0.0000   0.0000   0.0000  -0.0001  -0.0000   0.0000   0.0000
  2  4  5  4   0.0000   0.0000   0.0000  -0.0001  -0.0000   0.0000   0.0000
  2  4  5  5   0.0000   0.0000   0.0000  -0.0001  -0.0000   0.0000   0.0000
  2  4  5  6   0.0000   0.0000   0.0000  -0.0001  -0.0000   0.0000   0.0000
  2  4  6  2   0.0000   0.1000   0.0200  -2.5415  -0.0000   0.0000   0.0000
  2  4  6  3   0.0000   0.1000   0.0200  -2.5415  -0.0000   0.0000   0.0000
  2  4  6  4   0.0000   0.1000   0.0200  -2.5415  -0.0000   0.0000   0.0000
  2  4  6  5   0.0000   0.1000   0.0200  -2.5415  -0.0000   0.0000   0.0000
  2  4  6  6   0.0000   0.1000   0.0200  -2.5415  -0.0000   0.0000   0.0000
  2  5  5  2   0.0000   0.0000   0.0000  -0.0001  -0.0000   0.0000   0.0000
  2  5  5  3   0.0000   0.0000   0.0000  -0.0001  -0.0000   0.0000   0.0000
  2  5  5  4   0.0000   0.0000   0.0000  -0.0001  -0.0000   0.0000   0.0000
  2  5  5  5   0.0000   0.0000   0.0000  -0.0001  -0.0000   0.0000   0.0000
  2  5  5  6   0.0000   0.0000   0.0000  -0.0001  -0.0000   0.0000   0.0000
  2  5  6  2   0.0000   0.0000   0.0000  -0.0001  -0.0000   0.0000   0.0000
  2  5  6  3   0.0000   0.0000   0.0000  -0.0001  -0.0000   0.0000   0.0000
  2  5  6  4   0.0000   0.0000   0.0000  -0.0001  -0.0000   0.0000   0.0000
  2  5  6  5   0.0000   0.0000   0.0000  -0.0001  -0.0000   0.0000   0.0000
  2  5  6  6   0.0000   0.0000   0.0000  -0.0001  -0.0000   0.0000   0.0000
  2  6  6  2   0.0000   0.0000   0.0000  -0.0001  -0.0000   0.0000   0.0000
  2  6  6  3   0.0000   0.0000   0.0000  -0.0001  -0.0000   0.0000   0.0000
  2  6  6  4   0.0000   0.0000   0.0000  -0.0001  -0.0000   0.0000   0.0000
  2  6  6  5   0.0000   0.0000   0.0000  -0.0001  -0.0000   0.0000   0.0000
  2  6  6  6   0.0000   0.0000   0.0000  -0.0001  -0.0000   0.0000   0.0000
  3  1  1  3  -0.0528   6.8150   0.7498  -5.0913  -1.0000   0.0000   0.0000
  3  1  1  4   0.0000  50.0000   0.3000  -4.0000  -2.0000   0.0000   0.0000
  3  1  1  5   0.0000  50.0000   0.3000  -4.0000  -2.0000   0.0000   0.0000
  3  1  1  6  -0.3568  22.6472   0.6045  -4.0088  -1.0000   0.0000   0.0000
  3  1  2  3   0.0000   0.0000   0.0000  -0.0001  -0.0000   0.0000   0.0000
  3  1  2  4   0.0000   0.0000   0.0000  -0.0001  -0.0000   0.0000   0.0000
  3  1  2  5   0.0000   0.0000   0.0000  -0.0001  -0.0000   0.0000   0.0000
  3  1  2  6   0.0000   0.0000   0.0000  -0.0001  -0.0000   0.0000   0.0000
  3  1  3  3  -2.5000  66.3525   0.3986  -3.0293  -3.0000   0.0000   0.0000
  3  1  3  4   0.0000   0.0000   0.0000  -0.0001  -0.0000   0.0000   0.0000
  3  1  3  5   0.0000   0.0000   0.0000  -0.0001  -0.0000   0.0000   0.0000
  3  1  3  6  -0.5583  80.0000   1.0000  -4.4000  -3.0000   0.0000   0.0000
  3  1  4  3  -0.5473  25.3808   0.9931  -4.3407  -3.0000   0.0000   0.0000
  3  1  4  4  -0.5473  25.3808   0.9931  -4.3407  -3.0000   0.0000   0.0000
  3  1  4  5  -0.5473  25.3808   0.9931  -4.3407  -3.0000   0.0000   0.0000
  3  1  4  6  -0.5473  25.3808   0.9931  -4.3407  -3.0000   0.0000   0.0000
  3  1  5  3   0.0000   0.0000   0.0000  -0.0001  -0.0000   0.0000   0.0000
  3  1  5  4   0.0000   0.0000   0.0000  -0.0001  -0.0000   0.0000   0.0000
  3  1  5  5   0.0000   0.0000   0.0000  -0.0001  -0.0000   0.0000   0.0000
  3  1  5  6   0.0000   0.0000   0.0000  -0.0001  -0.0000   0.0000   0.0000
  3  1  6  3   0.0000   0.0000   0.0000  -0.0001  -0.0000   0.0000   0.0000
  3  1  6  4   0.0000   0.0000   0.0000  -0.0001  -0.0000   0.0000   0.0000
  3  1  6  5   0.0000   0.0000   0.0000  -0.0001  -0.0000   0.0000   0.0000
  3  1  6  6   0.0000   0.0000   0.0000  -0.0001  -0.0000   0.0000   0.0000
  3  2  2  3   0.0000   0.0000   0.0000  -0.0001  -0.0000   0.0000   0.0000
  3  2  2  4   0.0000   0.0000   0.0000  -0.0001  -0.0000   0.0000   0.0000
  3  2  2  5   0.0000   0.0000   0.0000  -0.0001  -0.0000   0.0000   0.0000
  3  2  2  6   0.0000   0.0000   0.0000  -0.0001  -0.0000   0.0000   0.0000
  3  2  3  3   0.0000   0.1000   0.0200  -2.5415  -0.0000   0.0000   0.0000
  3  2  3  4   0.0000   0.1000   0.0200  -2.5415  -0.0000   0.0000   0.0000
  3  2  3  5   0.0000   0.1000   0.0200  -2.5415  -0.0000   0.0000   0.0000
  3  2  3  6   0.0000   0.1000   0.0200  -2.5415  -0.0000   0.0000   0.0000
  3  2  4  3   0.0000   0.1000   0.0200  -2.5415  -0.0000   0.0000   0.0000
  3  2  4  4   0.0000   0.1000   0.0200  -2.5415  -0.0000   0.0000   0.0000
  3  2  4  5   0.0000   0.1000   0.0200  -2.5415  -0.0000   0.0000   0.0000
  3  2  4  6   0.0000   0.1000   0.0200  -2.5415  -0.0000   0.0000   0.0000
  3  2  5  3   0.0000   0.0000   0.0000  -0.0001  -0.0000   0.0000   0.0000
  3  2  5  4   0.0000   0.0000   0.0000  -0.0001  -0.0000   0.0000   0.0000
  3  2  5  5   0.0000   0.0000   0.0000  -0.0001  -0.0000   0.0000   0.0000
  3  2  5  6   0.0000   0.0000   0.0000  -0.0001  -0.0000   0.0000   0.0000
  3  2  6  3   0.0000   0.0000   0.0000  -0.0001  -0.0000   0.0000   0.0000
  3  2  6  4   0.0000   0.0000   0.0000  -0.0001  -0.0000   0.0000   0.0000
  3  2  6  5   0.0000   0.0000   0.0000  -0.0001  -0.0000   0.0000   0.0000
  3  2  6  6   0.0000   0.0000   0.0000  -0.0001  -0.0000   0.0000   0.0000
  3  3  3  3  -2.5000 -25.0000   1.0000  -2.5000  -1.0000   0.0000   0.0000
  3  3  3  4   0.5511  25.4150   1.1330  -5.1903  -1.0000   0.0000   0.0000
  3  3  3  5   0.5511  25.4150   1.1330  -5.1903  -1.0000   0.0000   0.0000
  3  3  3  6   0.4723 -12.4144  -1.0000  -2.5000  -1.0000   0.0000   0.0000
  3  3  4  3   2.0000  71.9948  -0.8805  -6.1274  -2.7831   0.0000   0.0000
  3  3  4  4   2.0000  71.9948  -0.8805  -6.1274  -2.7831   0.0000   0.0000
  3  3  4  5   2.0000  71.9948  -0.8805  -6.1274  -2.7831   0.0000   0.0000
  3  3  4  6   2.0000  71.9948  -0.8805  -6.1274  -2.7831   0.0000   0.0000
  3  3  5  3   0.0000   0.0000   0.0000  -0.0001  -0.0000   0.0000   0.0000
  3  3  5  4   0.0000   0.0000   0.0000  -0.0001  -0.0000   0.0000   0.0000
  3  3  5  5   0.0000   0.0000   0.0000  -0.0001  -0.0000   0.0000   0.0000
  3  3  5  6   0.0000   0.0000   0.0000  -0.0001  -0.0000   0.0000   0.0000
  3  3  6  3   0.0000   0.1000   0.0200  -2.5415  -0.0000   0.0000   0.0000
  3  3  6  4   0.0000   0.1000   0.0200  -2.5415  -0.0000   0.0000   0.0000
  3  3  6  5   0.0000   0.1000   0.0200  -2.5415  -0.0000   0.0000   0.0000
  3  3  6  6   0.0000   0.1000   0.0200  -2.5415  -0.0000   0.0000   0.0000
  3  4  4  3   2.0000  90.0000  -0.7837  -9.0000  -2.0000   0.0000   0.0000
  3  4  4  4   2.0000  90.0000  -0.7837  -9.0000  -2.0000   0.0000   0.0000
  3  4  4  5   2.0000  90.0000  -0.7837  -9.0000  -2.0000   0.0000   0.0000
  3  4  4  6   2.0000  90.0000  -0.7837  -9.0000  -2.0000   0.0000   0.0000
  3  4  5  3   0.0000   0.0000   0.0000  -0.0001  -0.0000   0.0000   0.0000
  3  4  5  4   0.0000   0.0000   0.0000  -0.0001  -0.0000   0.0000   0.0000
  3  4  5  5   0.0000   0.0000   0.0000  -0.0001  -0.0000   0.0000   0.0000
  3  4  5  6   0.0000   0.0000   0.0000  -0.0001  -0.0000   0.0000   0.0000
  3  4  6  3   0.0000   0.1000   0.0200  -2.5415  -0.0000   0.0000   0.0000
  3  4  6  4   0.0000   0.1000   0.0200  -2.5415  -0.0000   0.0000   0.0000
  3  4  6  5   0.0000   0.1000   0.0200  -2.5415  -0.0000   0.0000   0.0000
  3  4  6  6   0.0000   0.1000   0.0200  -2.5415  -0.0000   0.0000   0.0000
  3  5  5  3   0.0000   0.0000   0.0000  -0.0001  -0.0000   0.0000   0.0000
  3  5  5  4   0.0000   0.0000   0.0000  -0.0001  -0.0000   0.0000   0.0000
  3  5  5  5   0.0000   0.0000   0.0000  -0.0001  -0.0000   0.0000   0.0000
  3  5  5  6   0.0000   0.0000   0.0000  -0.0001  -0.0000   0.0000   0.0000
  3  5  6  3   0.0000   0.0000   0.0000  -0.0001  -0.0000   0.0000   0.0000
  3  5  6  4   0.0000   0.0000   0.0000  -0.0001  -0.0000   0.0000   0.0000
  3  5  6  5   0.0000   0.0000   0.0000  -0.0001  -0.0000   0.0000   0.0000
  3  5  6  6   0.0000   0.0000   0.0000  -0.0001  -0.0000   0.0000   0.0000
  3  6  6  3   0.0000   0.0000   0.0000  -0.0001  -0.0000   0.0000   0.0000
  3  6  6  4   0.0000   0.0000   0.0000  -0.0001  -0.0000   0.0000   0.0000
  3  6  6  5   0.0000   0.0000   0.0000  -0.0001  -0.0000   0.0000   0.0000
  3  6  6  6   0.0000   0.0000   0.0000  -0.0001  -0.0000   0.0000   0.0000
  4  1  1  4   0.0000  50.0000   0.3000  -4.0000  -2.0000   0.0000   0.0000
  4  1  1  5   0.0000  50.0000   0.3000  -4.0000  -2.0000   0.0000   0.0000
  4  1  1  6   0.0000  50.0000   0.3000  -4.0000  -2.0000   0.0000   0.0000
  4  1  2  4   0.0000   0.0000   0.0000  -0.0001  -0.0000   0.0000   0.0000
  4  1  2  5   0.0000   0.0000   0.0000  -0.0001  -0.0000   0.0000   0.0000
  4  1  2  6   0.0000   0.0000   0.0000  -0.0001  -0.0000   0.0000   0.0000
  4  1  3  4   0.0000   0.0000   0.0000  -0.0001  -0.0000   0.0000   0.0000
  4  1  3  5   0.0000   0.0000   0.0000  -0.0001  -0.0000   0.0000   0.0000
  4  1  3  6   0.0000   0.0000   0.0000  -0.0001  -0.0000   0.0000   0.0000
  4  1  4  4  -2.0000  90.0000  -0.0279  -7.5866  -0.1000   0.0000   0.0000
  4  1  4  5  -0.5473  25.3808   0.9931  -4.3407  -3.0000   0.0000   0.0000
  4  1  4  6  -0.5473  25.3808   0.9931  -4.3407  -3.0000   0.0000   0.0000
  4  1  5  4   0.0000   0.0000   0.0000  -0.0001  -0.0000   0.0000   0.0000
  4  1  5  5   0.0000   0.0000   0.0000  -0.0001  -0.0000   0.0000   0.0000
  4  1  5  6   0.0000   0.0000   0.0000  -0.0001  -0.0000   0.0000   0.0000
  4  1  6  4   0.0000   0.0000   0.0000  -0.0001  -0.0000   0.0000   0.0000
  4  1  6  5   0.0000   0.0000   0.0000  -0.0001  -0.0000   0.0000   0.0000
  4  1  6  6   0.0000   0.0000   0.0000  -0.0001  -0.0000   0.0000   0.0000
  4  2  2  4   0.0000   0.0000   0.0000  -0.0001  -0.0000   0.0000   0.0000
  4  2  2  5   0.0000   0.0000   0.0000  -0.0001  -0.0000   0.0000   0.0000
  4  2  2  6   0.0000   0.0000   0.0000  -0.0001  -0.0000   0.0000   0.0000
  4  2  3  4   0.0000   0.1000   0.0200  -2.5415  -0.0000   0.0000   0.0000
  4  2  3  5   0.0000   0.1000   0.0200  -2.5415  -0.0000   0.0000   0.0000
  4  2  3  6   0.0000   0.1000   0.0200  -2.5415  -0.0000   0.0000   0.0000
  4  2  4  4   0.0000   0.1000   0.0200  -2.5415  -0.0000   0.0000   0.0000
  4  2  4  5   0.0000   0.1000   0.0200  -2.5415  -0.0000   0.0000   0.0000
  4  2  4  6   0.0000   0.1000   0.0200  -2.5415  -0.0000   0.0000   0.0000
  4  2  5  4   0.0000   0.0000   0.0000  -0.0001  -0.0000   0.0000   0.0000
  4  2  5  5   0.0000   0.0000   0.0000  -0.0001  -0.0000   0.0000   0.0000
  4  2  5  6   0.0000   0.0000   0.0000  -0.0001  -0.0000   0.0000   0.0000
  4  2  6  4   0.0000   0.0000   0.0000  -0.0001  -0.0000   0.0000   0.0000
  4  2  6  5   0.0000   0.0000   0.0000  -0.0001  -0.0000   0.0000   0.0000
  4  2  6  6   0.0000   0.0000   0.0000  -0.0001  -0.0000   0.0000   0.0000
  4  3  3  4   0.5511  25.4150   1.1330  -5.1903  -1.0000   0.0000   0.0000
  4  3  3  5   0.5511  25.4150   1.1330  -5.1903  -1.0000   0.0000   0.0000
  4  3  3  6   0.5511  25.4150   1.1330  -5.1903  -1.0000   0.0000   0.0000
  4  3  4  4   2.0000  71.9948  -0.8805  -6.1274  -2.7831   0.0000   0.0000
  4  3  4  5   2.0000  71.9948  -0.8805  -6.1274  -2.7831   0.0000   0.0000
  4  3  4  6   2.0000  71.9948  -0.8805  -6.1274  -2.7831   0.0000   0.0000
  4  3  5  4   0.0000   0.0000   0.0000  -0.0001  -0.0000   0.0000   0.0000
  4  3  5  5   0.0000   0.0000   0.0000  -0.0001  -0.0000   0.0000   0.0000
  4  3  5  6   0.0000   0.0000   0.0000  -0.0001  -0.0000   0.0000   0.0000
  4  3  6  4   0.0000   0.1000   0.0200  -2.5415  -0.0000   0.0000   0.0000
  4  3  6  5   0.0000   0.1000   0.0200  -2.5415  -0.0000   0.0000   0.0000
  4  3  6  6   0.0000   0.1000   0.0200  -2.5415  -0.0000   0.0000   0.0000
  4  4  4  4   2.0000  90.0000  -0.7837  -9.0000  -2.0000   0.0000   0.0000
  4  4  4  5   2.0000  90.0000  -0.7837  -9.0000  -2.0000   0.0000   0.0000
  4  4  4  6   2.0000  90.0000  -0.7837  -9.0000  -2.0000   0.0000   0.0000
  4  4  5  4   0.0000   0.0000   0.0000  -0.0001  -0.0000   0.0000   0.0000
  4  4  5  5   0.0000   0.0000   0.0000  -0.0001  -0.0000   0.0000   0.0000
  4  4  5  6   0.0000   0.0000   0.0000  -0.0001  -0.0000   0.0000   0.0000
  4  4  6  4   0.0000   0.1000   0.0200  -2.5415  -0.0000   0.0000   0.0000
  4  4  6  5   0.0000   0.1000   0.0200  -2.5415  -0.0000   0.0000   0.0000
  4  4  6  6   0.0000   0.1000   0.0200  -2.5415  -0.0000   0.0000   0.0000
  4  5  5  4   0.0000   0.0000   0.0000  -0.0001  -0.0000   0.0000   0.0000
  4  5  5  5   0.0000   0.0000   0.0000  -0.0001  -0.0000   0.0000   0.0000
  4  5  5  6   0.0000   0.0000   0.0000  -0.0001  -0.0000   0.0000   0.0000
  4  5  6  4   0.0000   0.0000   0.0000  -0.0001  -0.0000   0.0000   0.0000
  4  5  6  5   0.0000   0.0000   0.0000  -0.0001  -0.0000   0.0000   0.0000
  4  5  6  6   0.0000   0.0000   0.0000  -0.0001  -0.0000   0.0000   0.0000
  4  6  6  4   0.0000   0.0000   0.0000  -0.0001  -0.0000   0.0000   0.0000
  4  6  6  5   0.0000   0.0000   0.0000  -0.0001  -0.0000   0.0000   0.0000
  4  6  6  6   0.0000   0.0000   0.0000  -0.0001  -0.0000   0.0000   0.0000
  5  1  1  5   0.0000  50.0000   0.3000  -4.0000  -2.0000   0.0000   0.0000
  5  1  1  6   0.0000  50.0000   0.3000  -4.0000  -2.0000   0.0000   0.0000
  5  1  2  5   0.0000   0.0000   0.0000  -0.0001  -0.0000   0.0000   0.0000
  5  1  2  6   0.0000   0.0000   0.0000  -0.0001  -0.0000   0.0000   0.0000
  5  1  3  5   0.0000   0.0000   0.0000  -0.0001  -0.0000   0.0000   0.0000
  5  1  3  6   0.0000   0.0000   0.0000  -0.0001  -0.0000   0.0000   0.0000
  5  1  4  5  -0.5473  25.3808   0.9931  -4.3407  -3.0000   0.0000   0.0000
  5  1  4  6  -0.5473  25.3808   0.9931  -4.3407  -3.0000   0.0000   0.0000
  5  1  5  5   0.0000   0.0000   0.0000  -0.0001  -0.0000   0.0000   0.0000
  5  1  5  6   0.0000   0.0000   0.0000  -0.0001  -0.0000   0.0000   0.0000
  5  1  6  5   0.0000   0.0000   0.0000  -0.0001  -0.0000   0.0000   0.0000
  5  1  6  6   0.0000   0.0000   0.0000  -0.0001  -0.0000   0.0000   0.0000
  5  2  2  5   0.0000   0.0000   0.0000  -0.0001  -0.0000   0.0000   0.0000
  5  2  2  6   0.0000   0.0000   0.0000  -0.0001  -0.0000   0.0000   0.0000
  5  2  3  5   0.0000   0.1000   0.0200  -2.5415  -0.0000   0.0000   0.0000
  5  2  3  6   0.0000   0.1000   0.0200  -2.5415  -0.0000   0.0000   0.0000
  5  2  4  5   0.0000   0.1000   0.0200  -2.5415  -0.0000   0.0000   0.0000
  5  2  4  6   0.0000   0.1000   0.0200  -2.5415  -0.0000   0.0000   0.0000
  5  2  5  5   0.0000   0.0000   0.0000  -0.0001  -0.0000   0.0000   0.0000
  5  2  5  6   0.0000   0.0000   0.0000  -0.0001  -0.0000   0.0000   0.0000
  5  2  6  5   0.0000   0.0000   0.0000  -0.0001  -0.0000   0.0000   0.0000
  5  2  6  6   0.0000   0.0000   0.0000  -0.0001  -0.0000   0.0000   0.0000
  5  3  3  5   0.5511  25.4150   1.1330  -5.1903  -1.0000   0.0000   0.0000
  5  3  3  6   0.5511  25.4150   1.1330  -5.1903  -1.0000   0.0000   0.0000
  5  3  4  5   2.0000  71.9948  -0.8805  -6.1274  -2.7831   0.0000   0.0000
  5  3  4  6   2.0000  71.9948  -0.8805  -6.1274  -2.7831   0.0000   0.0000
  5  3  5  5   0.0000   0.0000   0.0000  -0.0001  -0.0000   0.0000   0.0000
  5  3  5  6   0.0000   0.0000   0.0000  -0.0001  -0.0000   0.0000   0.0000
  5  3  6  5   0.0000   0.1000   0.0200  -2.5415  -0.0000   0.0000   0.0000
  5  3  6  6   0.0000   0.1000   0.0200  -2.5415  -0.0000   0.0000   0.0000
  5  4  4  5   2.0000  90.0000  -0.7837  -9.0000  -2.0000   0.0000   0.0000
  5  4  4  6   2.0000  90.0000  -0.7837  -9.0000  -2.0000   0.0000   0.0000
  5  4  5  5   0.0000   0.0000   0.0000  -0.0001  -0.0000   0.0000   0.0000
  5  4  5  6   0.0000   0.0000   0.0000  -0.0001  -0.0000   0.0000   0.0000
  5  4  6  5   0.0000   0.1000   0.0200  -2.5415  -0.0000   0.0000   0.0000
  5  4  6  6   0.0000   0.1000   0.0200  -2.5415  -0.0000   0.0000   0.0000
  5  5  5  5   0.0000   0.0000   0.0000  -0.0001  -0.0000   0.0000   0.0000
  5  5  5  6   0.0000   0.0000   0.0000  -0.0001  -0.0000   0.0000   0.0000
  5  5  6  5   0.0000   0.0000   0.0000  -0.0001  -0.0000   0.0000   0.0000
  5  5  6  6   0.0000   0.0000   0.0000  -0.0001  -0.0000   0.0000   0.0000
  5  6  6  5   0.0000   0.0000   0.0000  -0.0001  -0.0000   0.0000   0.0000
  5  6  6  6   0.0000   0.0000   0.0000  -0.0001  -0.0000   0.0000   0.0000
  6  1  1  6  -0.1770  30.0252   0.4340  -5.0019  -2.0697   0.0000   0.0000
  6  1  2  6   0.0000   0.0000   0.0000  -0.0001  -0.0000   0.0000   0.0000
  6  1  3  6  -2.5000  79.6980   1.0000  -3.5697  -2.7501   0.0000   0.0000
  6  1  4  6  -0.5473  25.3808   0.9931  -4.3407  -3.0000   0.0000   0.0000
  6  1  5  6   0.0000   0.0000   0.0000  -0.0001  -0.0000   0.0000   0.0000
  6  1  6  6   0.0000   0.0000   0.0000  -0.0001  -0.0000   0.0000   0.0000
  6  2  2  6   0.0000   0.0000   0.0000  -0.0001  -0.0000   0.0000   0.0000
  6  2  3  6   0.0000   0.1000   0.0200  -2.5415  -0.0000   0.0000   0.0000
  6  2  4  6   0.0000   0.1000   0.0200  -2.5415  -0.0000   0.0000   0.0000
  6  2  5  6   0.0000   0.0000   0.0000  -0.0001  -0.0000   0.0000   0.0000
  6  2  6  6   0.0000   0.0000   0.0000  -0.0001  -0.0000   0.0000   0.0000
  6  3  3  6   2.2500  -6.2288   1.0000  -2.6189  -1.0000   0.0000   0.0000
  6  3  4  6   2.0000  71.9948  -0.8805  -6.1274  -2.7831   0.0000   0.0000
  6  3  5  6   0.0000   0.0000   0.0000  -0.0001  -0.0000   0.0000   0.0000
  6  3  6  6   0.0000   0.1000   0.0200  -2.5415  -0.0000   0.0000   0.0000
  6  4  4  6   2.0000  90.0000  -0.7837  -9.0000  -2.0000   0.0000   0.0000
  6  4  5  6   0.0000   0.0000   0.0000  -0.0001  -0.0000   0.0000   0.0000
  6  4  6  6   0.0000   0.1000   0.0200  -2.5415  -0.0000   0.0000   0.0000
  6  5  5  6   0.0000   0.0000   0.0000  -0.0001  -0.0000   0.0000   0.0000
  6  5  6  6   0.0000   0.0000   0.0000  -0.0001  -0.0000   0.0000   0.0000
  6  6  6  6   0.0000   0.0000   0.0000  -0.0001  -0.0000   0.0000   0.0000
  4  ! Nr of Hbonds;rohb; Dehb; hb1; hb2; 
  3  2  3   2.0000  -2.0000   1.5000  19.5000
  3  2  4   1.9000  -2.0000   1.7976  19.0000
  4  2  3   1.9000  -2.0000   1.7976  19.0000
  4  2  4   1.9000  -2.0000   1.7976  19.0000
